8264
3984
304
224
1744
2864
1584
5904
3824
3344
2464
9184
1504
7424
4944
2064
6784
7104
1024
6544
1664
4384
2704
4624
8144
1264
1984
8304
8224
9744
864
9584
3904
1824
1344
464
7184
9504
5424
2944
64
4784
5104
9024
4544
9664
2384
704
2624
6144
9264
9984
6304
6224
7744
8864
7584
1904
9824
9344
8464
5184
7504
3424
944
8064
2784
3104
7024
2544
7664
384
8704
624
4144
7264
7984
4304
4224
5744
6864
5584
9904
7824
7344
6464
3184
5504
1424
8944
6064
784
1104
5024
544
5664
8384
6704
8624
2144
5264
5984
2304
2224
3744
4864
3584
7904
5824
5344
4464
1184
3504
9424
6944
4064
8784
9104
3024
8544
3664
6384
4704
6624
144
3264
3984
304
224
1744
2864
1584
5904
3824
3344
2464
9184
1504
7424
4944
2064
6784
7104
1024
6544
1664
4384
2704
4624
8144
1264
1984
8304
8224
9744
864
9584
3904
1824
1344
464
7184
9504
5424
2944
64
4784
5104
9024
4544
9664
2384
704
2624
6144
9264
9984
6304
6224
7744
8864
7584
1904
9824
9344
8464
5184
7504
3424
944
8064
2784
3104
7024
2544
7664
384
8704
624
4144
7264
7984
4304
4224
5744
6864
5584
9904
7824
7344
6464
3184
5504
1424
8944
6064
784
1104
5024
544
5664
8384
6704
8624
2144
5264
5984
2304
2224
3744
4864
3584
7904
5824
5344
4464
1184
3504
9424
6944
4064
8784
9104
3024
8544
3664
6384
4704
6624
144
3264
3984
304
224
1744
2864
1584
5904
3824
3344
2464
9184
1504
7424
4944
2064
6784
7104
1024
6544
1664
4384
2704
4624
8144
1264
1984
8304
8224
9744
864
9584
3904
1824
1344
464
7184
9504
5424
2944
64
4784
5104
9024
4544
9664
2384
704
2624
6144
9264
9984
6304
6224
7744
8864
7584
1904
9824
9344
8464
5184
7504
3424
944
8064
2784
3104
7024
2544
7664
384
8704
624
4144
7264
7984
4304
4224
5744
6864
5584
9904
7824
7344
6464
3184
5504
1424
8944
6064
784
1104
5024
544
5664
8384
6704
8624
2144
5264
5984
2304
2224
3744
4864
3584
7904
5824
5344
4464
1184
3504
9424
6944
4064
8784
9104
3024
8544
3664
6384
4704
6624
144
3264
3984
304
224
1744
2864
1584
5904
3824
3344
2464
9184
1504
7424
4944
2064
6784
7104
1024
6544
1664
4384
2704
4624
8144
1264
1984
8304
8224
9744
864
9584
3904
1824
1344
464
7184
9504
5424
2944
64
4784
5104
9024
4544
9664
2384
704
2624
6144
9264
9984
6304
6224
7744
8864
7584
1904
9824
9344
8464
5184
7504
3424
944
8064
2784
3104
7024
2544
7664
384
8704
624
4144
7264
7984
4304
4224
5744
6864
5584
9904
7824
7344
6464
3184
5504
1424
8944
6064
784
1104
5024
544
5664
8384
6704
8624
2144
5264
5984
2304
2224
3744
4864
3584
7904
5824
5344
4464
1184
3504
9424
6944
4064
8784
9104
3024
8544
3664
6384
4704
6624
144
3264
3984
304
224
1744
2864
1584
5904
3824
3344
2464
9184
1504
7424
4944
2064
6784
7104
1024
6544
1664
4384
2704
4624
8144
1264
1984
8304
8224
9744
864
9584
3904
1824
1344
464
7184
9504
5424
2944
64
4784
5104
9024
4544
9664
2384
704
2624
6144
9264
9984
6304
6224
7744
8864
7584
1904
9824
9344
8464
5184
7504
3424
944
8064
2784
3104
7024
2544
7664
384
8704
624
4144
7264
7984
4304
4224
5744
6864
5584
9904
7824
7344
6464
3184
5504
1424
8944
6064
784
1104
5024
544
5664
8384
6704
8624
2144
5264
5984
2304
2224
3744
4864
3584
7904
5824
5344
4464
1184
3504
9424
6944
4064
8784
9104
3024
8544
3664
6384
4704
6624
144
3264
3984
304
224
1744
2864
1584
5904
3824
3344
2464
9184
1504
7424
4944
2064
6784
7104
1024
6544
1664
4384
2704
4624
8144
1264
1984
8304
8224
9744
864
9584
3904
1824
1344
464
7184
9504
5424
2944
64
4784
5104
9024
4544
9664
2384
704
2624
6144
9264
9984
6304
6224
7744
8864
7584
1904
9824
9344
8464
5184
7504
3424
944
8064
2784
3104
7024
2544
7664
384
8704
624
4144
7264
7984
4304
4224
5744
6864
5584
9904
7824
7344
6464
3184
5504
1424
8944
6064
784
1104
5024
544
5664
8384
6704
8624
2144
5264
5984
2304
2224
3744
4864
3584
7904
5824
5344
4464
1184
3504
9424
6944
4064
8784
9104
3024
8544
3664
6384
4704
6624
144
3264
3984
304
224
1744
2864
1584
5904
3824
3344
2464
9184
1504
7424
4944
2064
6784
7104
1024
6544
1664
4384
2704
4624
8144
1264
1984
8304
8224
9744
864
9584
3904
1824
1344
464
7184
9504
5424
2944
64
4784
5104
9024
4544
9664
2384
704
2624
6144
9264
9984
6304
6224
7744
8864
7584
1904
9824
9344
8464
5184
7504
3424
944
8064
2784
3104
7024
2544
7664
384
8704
624
4144
7264
7984
4304
4224
5744
6864
5584
9904
7824
7344
6464
3184
5504
1424
8944
6064
784
1104
5024
544
5664
8384
6704
8624
2144
5264
5984
2304
2224
3744
4864
3584
7904
5824
5344
4464
1184
3504
9424
6944
4064
8784
9104
3024
8544
3664
6384
4704
6624
144
3264
3984
304
224
1744
2864
1584
5904
3824
3344
2464
9184
1504
7424
4944
2064
6784
7104
1024
6544
1664
4384
2704
4624
8144
1264
1984
8304
8224
9744
864
9584
3904
1824
1344
464
7184
9504
5424
2944
64
4784
5104
9024
4544
9664
2384
704
2624
6144
9264
9984
6304
6224
7744
8864
7584
1904
9824
9344
8464
5184
7504
3424
944
8064
2784
3104
7024
2544
7664
384
8704
624
4144
7264
7984
4304
4224
5744
6864
5584
9904
7824
7344
6464
3184
5504
1424
8944
6064
784
1104
5024
544
5664
8384
6704
8624
2144
5264
5984
2304
2224
3744
4864
3584
7904
5824
5344
4464
1184
3504
9424
6944
4064
8784
9104
3024
8544
3664
6384
4704
6624
144
